family,rich,AM,EM,NM,OM,ER,UNK,AM.perc,EM.perc,NM.perc,OM.perc,ER.perc,UNK.perc,type.50,type.60,type.80,type.100
Acanthaceae,3947,2862,0,936,0,0,149,0.725107676716494,0,0.237142133265771,0,0,0.037750190017735,AM,AM,MIX,MIX
Achariaceae,101,100,0,0,0,0,1,0.99009900990099,0,0,0,0,0.0099009900990099,AM,AM,AM,MIX
Achatocarpaceae,11,5,6,0,0,0,0,0.454545454545455,0.545454545454545,0,0,0,0,EM,MIX,MIX,MIX
Acoraceae,2,0,0,2,0,0,0,0,0,1,0,0,0,NM,NM,NM,NM
Actinidiaceae,176,176,0,0,0,0,0,1,0,0,0,0,0,AM,AM,AM,AM
Adoxaceae,194,190,0,1,0,0,3,0.979381443298969,0,0.00515463917525773,0,0,0.0154639175257732,AM,AM,AM,MIX
Aextoxicaceae,1,1,0,0,0,0,0,1,0,0,0,0,0,AM,AM,AM,AM
Aizoaceae,2270,1017,0,973,0,0,280,0.448017621145374,0,0.42863436123348,0,0,0.123348017621145,MIX,MIX,MIX,MIX
Akaniaceae,2,2,0,0,0,0,0,1,0,0,0,0,0,AM,AM,AM,AM
Alismataceae,120,59,0,61,0,0,0,0.491666666666667,0,0.508333333333333,0,0,0,NM,MIX,MIX,MIX
Alseuosmiaceae,6,6,0,0,0,0,0,1,0,0,0,0,0,AM,AM,AM,AM
Alstroemeriaceae,259,259,0,0,0,0,0,1,0,0,0,0,0,AM,AM,AM,AM
Altingiaceae,19,16,0,0,0,0,3,0.842105263157895,0,0,0,0,0.157894736842105,AM,AM,AM,MIX
Amaranthaceae,2052,874,0,1151,0,0,27,0.425925925925926,0,0.560916179337232,0,0,0.0131578947368421,NM,MIX,MIX,MIX
Amaryllidaceae,2258,2245,0,7,0,0,6,0.994242692648361,0,0.00310008857395926,0,0,0.00265721877767936,AM,AM,AM,MIX
Amborellaceae,1,1,0,0,0,0,0,1,0,0,0,0,0,AM,AM,AM,AM
Anacampserotaceae,58,0,0,0,0,0,58,0,0,0,0,0,1,UNK,UNK,UNK,UNK
Anacardiaceae,701,668,0,0,0,0,33,0.952924393723253,0,0,0,0,0.0470756062767475,AM,AM,AM,MIX
Anarthriaceae,11,8,0,3,0,0,0,0.727272727272727,0,0.272727272727273,0,0,0,AM,AM,MIX,MIX
Ancistrocladaceae,21,21,0,0,0,0,0,1,0,0,0,0,0,AM,AM,AM,AM
Anisophylleaceae,78,76,0,0,0,0,2,0.974358974358974,0,0,0,0,0.0256410256410256,AM,AM,AM,MIX
Annonaceae,2106,1910,0,0,0,0,196,0.90693257359924,0,0,0,0,0.0930674264007597,AM,AM,AM,MIX
Aphanopetalaceae,2,0,0,0,0,0,2,0,0,0,0,0,1,UNK,UNK,UNK,UNK
Aphloiaceae,2,2,0,0,0,0,0,1,0,0,0,0,0,AM,AM,AM,AM
Apiaceae,3257,3096,0,31,0,0,130,0.950568007368744,0,0.00951796131409272,0,0,0.039914031317163,AM,AM,AM,MIX
Apocynaceae,5556,5053,0,175,0,0,328,0.90946724262059,0,0.0314974802015839,0,0,0.0590352771778258,AM,AM,AM,MIX
Apodanthaceae,26,0,0,24,0,0,2,0,0,0.923076923076923,0,0,0.0769230769230769,NM,NM,NM,MIX
Aponogetonaceae,58,10,0,47,0,0,1,0.172413793103448,0,0.810344827586207,0,0,0.0172413793103448,NM,NM,NM,MIX
Aquifoliaceae,480,475,0,0,0,0,5,0.989583333333333,0,0,0,0,0.0104166666666667,AM,AM,AM,MIX
Araceae,3368,1987,0,1370,0,0,11,0.589964370546318,0,0.406769596199525,0,0,0.00326603325415677,AM,MIX,MIX,MIX
Araliaceae,1533,1522,0,5,0,0,6,0.992824527071102,0,0.00326157860404436,0,0,0.00391389432485323,AM,AM,AM,MIX
Araucariaceae,39,38,0,0,0,0,1,0.974358974358974,0,0,0,0,0.0256410256410256,AM,AM,AM,MIX
Arecaceae,2522,2173,0,54,0,0,295,0.861617763679619,0,0.021411578112609,0,0,0.116970658207772,AM,AM,AM,MIX
Argophyllaceae,22,22,0,0,0,0,0,1,0,0,0,0,0,AM,AM,AM,AM
Aristolochiaceae,624,379,0,232,0,0,13,0.607371794871795,0,0.371794871794872,0,0,0.0208333333333333,AM,AM,MIX,MIX
Asparagaceae,2879,2733,0,80,0,0,66,0.94928794720389,0,0.0277874261896492,0,0,0.0229246266064606,AM,AM,AM,MIX
Asteliaceae,37,32,0,0,0,0,5,0.864864864864865,0,0,0,0,0.135135135135135,AM,AM,AM,MIX
Asteropeiaceae,8,6,2,0,0,0,0,0.75,0.25,0,0,0,0,AM,AM,MIX,MIX
Atherospermataceae,20,20,0,0,0,0,0,1,0,0,0,0,0,AM,AM,AM,AM
Austrobaileyaceae,1,1,0,0,0,0,0,1,0,0,0,0,0,AM,AM,AM,AM
Balanopaceae,9,9,0,0,0,0,0,1,0,0,0,0,0,AM,AM,AM,AM
Balanophoraceae,45,0,0,44,0,0,1,0,0,0.977777777777778,0,0,0.0222222222222222,NM,NM,NM,MIX
Balsaminaceae,488,487,0,0,0,0,1,0.997950819672131,0,0,0,0,0.00204918032786885,AM,AM,AM,MIX
Barbeuiaceae,1,0,0,0,0,0,1,0,0,0,0,0,1,UNK,UNK,UNK,UNK
Barbeyaceae,1,1,0,0,0,0,0,1,0,0,0,0,0,AM,AM,AM,AM
Basellaceae,19,14,0,0,0,0,5,0.736842105263158,0,0,0,0,0.263157894736842,AM,AM,MIX,MIX
Bataceae,2,0,0,2,0,0,0,0,0,1,0,0,0,NM,NM,NM,NM
Begoniaceae,1601,1601,0,0,0,0,0,1,0,0,0,0,0,AM,AM,AM,AM
Berberidaceae,755,739,0,0,0,0,16,0.978807947019868,0,0,0,0,0.0211920529801325,AM,AM,AM,MIX
Berberidopsidaceae,2,0,0,0,0,0,2,0,0,0,0,0,1,UNK,UNK,UNK,UNK
Betulaceae,234,0,234,0,0,0,0,0,1,0,0,0,0,EM,EM,EM,EM
Biebersteiniaceae,5,5,0,0,0,0,0,1,0,0,0,0,0,AM,AM,AM,AM
Bignoniaceae,852,844,0,2,0,0,6,0.990610328638498,0,0.00234741784037559,0,0,0.00704225352112676,AM,AM,AM,MIX
Bixaceae,23,23,0,0,0,0,0,1,0,0,0,0,0,AM,AM,AM,AM
Blandfordiaceae,4,4,0,0,0,0,0,1,0,0,0,0,0,AM,AM,AM,AM
Bonnetiaceae,36,36,0,0,0,0,0,1,0,0,0,0,0,AM,AM,AM,AM
Boraginaceae,2686,1718,0,881,4,0,83,0.639612807148176,0,0.327997021593448,0.00148920327624721,0,0.0309009679821296,AM,AM,MIX,MIX
Boryaceae,12,12,0,0,0,0,0,1,0,0,0,0,0,AM,AM,AM,AM
Brassicaceae,4060,0,0,3991,0,0,69,0,0,0.983004926108374,0,0,0.0169950738916256,NM,NM,NM,MIX
Bromeliaceae,3320,1302,0,2016,0,0,2,0.392168674698795,0,0.607228915662651,0,0,0.000602409638554217,NM,NM,MIX,MIX
Brunelliaceae,60,60,0,0,0,0,0,1,0,0,0,0,0,AM,AM,AM,AM
Bruniaceae,92,83,0,0,0,0,9,0.902173913043478,0,0,0,0,0.0978260869565217,AM,AM,AM,MIX
Burmanniaceae,163,160,0,0,0,0,3,0.98159509202454,0,0,0,0,0.0184049079754601,AM,AM,AM,MIX
Burseraceae,649,639,0,6,0,0,4,0.984591679506934,0,0.00924499229583975,0,0,0.0061633281972265,AM,AM,AM,MIX
Butomaceae,2,0,0,2,0,0,0,0,0,1,0,0,0,NM,NM,NM,NM
Buxaceae,122,122,0,0,0,0,0,1,0,0,0,0,0,AM,AM,AM,AM
Byblidaceae,7,0,0,7,0,0,0,0,0,1,0,0,0,NM,NM,NM,NM
Cabombaceae,6,0,0,6,0,0,0,0,0,1,0,0,0,NM,NM,NM,NM
Cactaceae,2233,1745,0,67,0,0,421,0.781459919390954,0,0.0300044782803403,0,0,0.188535602328706,AM,AM,MIX,MIX
Calceolariaceae,281,279,0,0,0,0,2,0.99288256227758,0,0,0,0,0.00711743772241993,AM,AM,AM,MIX
Calophyllaceae,127,127,0,0,0,0,0,1,0,0,0,0,0,AM,AM,AM,AM
Calycanthaceae,10,10,0,0,0,0,0,1,0,0,0,0,0,AM,AM,AM,AM
Calyceraceae,56,56,0,0,0,0,0,1,0,0,0,0,0,AM,AM,AM,AM
Campanulaceae,2385,1960,0,5,414,0,6,0.821802935010482,0,0.00209643605870021,0.173584905660377,0,0.00251572327044025,AM,AM,AM,MIX
Campynemataceae,4,4,0,0,0,0,0,1,0,0,0,0,0,AM,AM,AM,AM
Canellaceae,21,21,0,0,0,0,0,1,0,0,0,0,0,AM,AM,AM,AM
Cannabaceae,102,102,0,0,0,0,0,1,0,0,0,0,0,AM,AM,AM,AM
Cannaceae,12,12,0,0,0,0,0,1,0,0,0,0,0,AM,AM,AM,AM
Capparaceae,449,310,0,137,0,0,2,0.690423162583519,0,0.305122494432071,0,0,0.0044543429844098,AM,AM,MIX,MIX
Caprifoliaceae,857,778,0,0,0,0,79,0.90781796966161,0,0,0,0,0.0921820303383897,AM,AM,AM,MIX
Cardiopteridaceae,46,46,0,0,0,0,0,1,0,0,0,0,0,AM,AM,AM,AM
Caricaceae,47,43,0,0,0,0,4,0.914893617021277,0,0,0,0,0.0851063829787234,AM,AM,AM,MIX
Carlemanniaceae,5,5,0,0,0,0,0,1,0,0,0,0,0,AM,AM,AM,AM
Caryocaraceae,26,26,0,0,0,0,0,1,0,0,0,0,0,AM,AM,AM,AM
Caryophyllaceae,2456,610,0,1798,0,0,48,0.248371335504886,0,0.732084690553746,0,0,0.0195439739413681,NM,NM,MIX,MIX
Casuarinaceae,91,28,63,0,0,0,0,0.307692307692308,0.692307692307692,0,0,0,0,EM,EM,MIX,MIX
Celastraceae,1168,1047,0,81,0,0,40,0.896404109589041,0,0.0693493150684932,0,0,0.0342465753424658,AM,AM,AM,MIX
Centrolepidaceae,36,25,0,11,0,0,0,0.694444444444444,0,0.305555555555556,0,0,0,AM,AM,MIX,MIX
Cephalotaceae,1,0,0,1,0,0,0,0,0,1,0,0,0,NM,NM,NM,NM
Ceratophyllaceae,4,0,0,4,0,0,0,0,0,1,0,0,0,NM,NM,NM,NM
Cercidiphyllaceae,2,2,0,0,0,0,0,1,0,0,0,0,0,AM,AM,AM,AM
Chloranthaceae,71,71,0,0,0,0,0,1,0,0,0,0,0,AM,AM,AM,AM
Chrysobalanaceae,535,535,0,0,0,0,0,1,0,0,0,0,0,AM,AM,AM,AM
Circaeasteraceae,2,2,0,0,0,0,0,1,0,0,0,0,0,AM,AM,AM,AM
Cistaceae,201,0,200,0,0,0,1,0,0.995024875621891,0,0,0,0.00497512437810945,EM,EM,EM,MIX
Cleomaceae,257,156,0,93,0,0,8,0.607003891050584,0,0.361867704280156,0,0,0.0311284046692607,AM,AM,MIX,MIX
Clethraceae,85,85,0,0,0,0,0,1,0,0,0,0,0,AM,AM,AM,AM
Clusiaceae,1047,1017,0,0,0,0,30,0.97134670487106,0,0,0,0,0.0286532951289398,AM,AM,AM,MIX
Colchicaceae,284,283,0,0,0,0,1,0.996478873239437,0,0,0,0,0.00352112676056338,AM,AM,AM,MIX
Columelliaceae,8,8,0,0,0,0,0,1,0,0,0,0,0,AM,AM,AM,AM
Combretaceae,480,459,0,0,0,0,21,0.95625,0,0,0,0,0.04375,AM,AM,AM,MIX
Commelinaceae,728,406,0,321,0,0,1,0.557692307692308,0,0.440934065934066,0,0,0.00137362637362637,AM,MIX,MIX,MIX
Compositae,32913,30818,167,163,0,0,1765,0.936347339956856,0.00507398292468022,0.00495245039953818,0,0,0.0536262267189257,AM,AM,AM,MIX
Connaraceae,267,255,0,0,0,0,12,0.955056179775281,0,0,0,0,0.0449438202247191,AM,AM,AM,MIX
Convolvulaceae,1296,1019,0,172,0,0,105,0.786265432098765,0,0.132716049382716,0,0,0.0810185185185185,AM,AM,MIX,MIX
Coriariaceae,16,16,0,0,0,0,0,1,0,0,0,0,0,AM,AM,AM,AM
Cornaceae,124,120,0,0,0,0,4,0.967741935483871,0,0,0,0,0.032258064516129,AM,AM,AM,MIX
Corsiaceae,27,27,0,0,0,0,0,1,0,0,0,0,0,AM,AM,AM,AM
Corynocarpaceae,5,5,0,0,0,0,0,1,0,0,0,0,0,AM,AM,AM,AM
Costaceae,139,139,0,0,0,0,0,1,0,0,0,0,0,AM,AM,AM,AM
Crassulaceae,1481,585,0,798,0,0,98,0.395003376097232,0,0.538825118163403,0,0,0.0661715057393653,NM,MIX,MIX,MIX
Crossosomataceae,8,0,0,0,0,0,8,0,0,0,0,0,1,UNK,UNK,UNK,UNK
Ctenolophonaceae,2,2,0,0,0,0,0,1,0,0,0,0,0,AM,AM,AM,AM
Cucurbitaceae,965,904,0,0,0,0,61,0.936787564766839,0,0,0,0,0.0632124352331606,AM,AM,AM,MIX
Cunoniaceae,245,228,0,1,0,0,16,0.930612244897959,0,0.00408163265306122,0,0,0.0653061224489796,AM,AM,AM,MIX
Cupressaceae,166,160,0,0,0,0,6,0.963855421686747,0,0,0,0,0.036144578313253,AM,AM,AM,MIX
Curtisiaceae,1,1,0,0,0,0,0,1,0,0,0,0,0,AM,AM,AM,AM
Cycadaceae,92,92,0,0,0,0,0,1,0,0,0,0,0,AM,AM,AM,AM
Cyclanthaceae,231,73,0,158,0,0,0,0.316017316017316,0,0.683982683982684,0,0,0,NM,NM,MIX,MIX
Cymodoceaceae,16,0,0,16,0,0,0,0,0,1,0,0,0,NM,NM,NM,NM
Cynomoriaceae,1,0,0,1,0,0,0,0,0,1,0,0,0,NM,NM,NM,NM
Cyperaceae,5784,2989,0,2668,0,0,127,0.516770401106501,0,0.461272475795297,0,0,0.0219571230982019,AM,MIX,MIX,MIX
Cyrillaceae,8,8,0,0,0,0,0,1,0,0,0,0,0,AM,AM,AM,AM
Cytinaceae,11,8,0,0,0,0,3,0.727272727272727,0,0,0,0,0.272727272727273,AM,AM,MIX,MIX
Daphniphyllaceae,34,34,0,0,0,0,0,1,0,0,0,0,0,AM,AM,AM,AM
Dasypogonaceae,16,5,0,11,0,0,0,0.3125,0,0.6875,0,0,0,NM,NM,MIX,MIX
Datiscaceae,2,2,0,0,0,0,0,1,0,0,0,0,0,AM,AM,AM,AM
Degeneriaceae,2,2,0,0,0,0,0,1,0,0,0,0,0,AM,AM,AM,AM
Diapensiaceae,12,0,0,0,0,7,5,0,0,0,0,0.583333333333333,0.416666666666667,ER,MIX,MIX,MIX
Dichapetalaceae,196,196,0,0,0,0,0,1,0,0,0,0,0,AM,AM,AM,AM
Didiereaceae,22,0,0,0,0,0,22,0,0,0,0,0,1,UNK,UNK,UNK,UNK
Dilleniaceae,219,166,0,0,0,0,53,0.757990867579909,0,0,0,0,0.242009132420091,AM,AM,MIX,MIX
Dioncophyllaceae,3,0,0,0,0,0,3,0,0,0,0,0,1,UNK,UNK,UNK,UNK
Dioscoreaceae,653,633,0,0,0,0,20,0.96937212863706,0,0,0,0,0.0306278713629403,AM,AM,AM,MIX
Dipentodontaceae,21,21,0,0,0,0,0,1,0,0,0,0,0,AM,AM,AM,AM
Dipterocarpaceae,147,0,145,0,0,0,2,0,0.986394557823129,0,0,0,0.0136054421768707,EM,EM,EM,MIX
Dirachmaceae,2,2,0,0,0,0,0,1,0,0,0,0,0,AM,AM,AM,AM
Doryanthaceae,2,2,0,0,0,0,0,1,0,0,0,0,0,AM,AM,AM,AM
Droseraceae,189,0,0,189,0,0,0,0,0,1,0,0,0,NM,NM,NM,NM
Drosophyllaceae,1,0,0,1,0,0,0,0,0,1,0,0,0,NM,NM,NM,NM
Ebenaceae,751,751,0,0,0,0,0,1,0,0,0,0,0,AM,AM,AM,AM
Ecdeiocoleaceae,3,3,0,0,0,0,0,1,0,0,0,0,0,AM,AM,AM,AM
Elaeagnaceae,108,107,0,0,0,0,1,0.990740740740741,0,0,0,0,0.00925925925925926,AM,AM,AM,MIX
Elaeocarpaceae,644,644,0,0,0,0,0,1,0,0,0,0,0,AM,AM,AM,AM
Elatinaceae,57,28,0,29,0,0,0,0.491228070175439,0,0.508771929824561,0,0,0,NM,MIX,MIX,MIX
Emblingiaceae,1,0,0,1,0,0,0,0,0,1,0,0,0,NM,NM,NM,NM
Ephedraceae,70,70,0,0,0,0,0,1,0,0,0,0,0,AM,AM,AM,AM
Ericaceae,3554,16,162,1,0,3198,177,0.00450196961170512,0.0455824423185143,0.00028137310073157,0,0.899831176139561,0.0498030388294879,ER,ER,ER,MIX
Eriocaulaceae,1206,1164,0,40,0,0,2,0.965174129353234,0,0.033167495854063,0,0,0.00165837479270315,AM,AM,AM,MIX
Erythroxylaceae,267,267,0,0,0,0,0,1,0,0,0,0,0,AM,AM,AM,AM
Escalloniaceae,55,55,0,0,0,0,0,1,0,0,0,0,0,AM,AM,AM,AM
Eucommiaceae,1,1,0,0,0,0,0,1,0,0,0,0,0,AM,AM,AM,AM
Euphorbiaceae,6547,6488,0,1,0,0,58,0.99098823888804,0,0.000152741713762028,0,0,0.00885901939819765,AM,AM,AM,MIX
Euphroniaceae,4,3,0,0,0,0,1,0.75,0,0,0,0,0.25,AM,AM,MIX,MIX
Eupomatiaceae,3,3,0,0,0,0,0,1,0,0,0,0,0,AM,AM,AM,AM
Eupteleaceae,2,2,0,0,0,0,0,1,0,0,0,0,0,AM,AM,AM,AM
Fagaceae,1101,0,1101,0,0,0,0,0,1,0,0,0,0,EM,EM,EM,EM
Flagellariaceae,4,4,0,0,0,0,0,1,0,0,0,0,0,AM,AM,AM,AM
Fouquieriaceae,12,12,0,0,0,0,0,1,0,0,0,0,0,AM,AM,AM,AM
Frankeniaceae,73,0,0,73,0,0,0,0,0,1,0,0,0,NM,NM,NM,NM
Garryaceae,25,25,0,0,0,0,0,1,0,0,0,0,0,AM,AM,AM,AM
Geissolomataceae,1,0,0,0,0,0,1,0,0,0,0,0,1,UNK,UNK,UNK,UNK
Gelsemiaceae,13,13,0,0,0,0,0,1,0,0,0,0,0,AM,AM,AM,AM
Gentianaceae,1682,1572,0,11,0,0,99,0.934601664684899,0,0.00653983353151011,0,0,0.058858501783591,AM,AM,AM,MIX
Geraniaceae,841,841,0,0,0,0,0,1,0,0,0,0,0,AM,AM,AM,AM
Gerrardinaceae,2,0,0,0,0,0,2,0,0,0,0,0,1,UNK,UNK,UNK,UNK
Gesneriaceae,3122,2896,0,0,0,0,226,0.927610506085842,0,0,0,0,0.0723894939141576,AM,AM,AM,MIX
Ginkgoaceae,2,2,0,0,0,0,0,1,0,0,0,0,0,AM,AM,AM,AM
Gisekiaceae,7,0,0,7,0,0,0,0,0,1,0,0,0,NM,NM,NM,NM
Gnetaceae,41,0,41,0,0,0,0,0,1,0,0,0,0,EM,EM,EM,EM
Gomortegaceae,1,1,0,0,0,0,0,1,0,0,0,0,0,AM,AM,AM,AM
Goodeniaceae,329,140,186,0,0,0,3,0.425531914893617,0.565349544072948,0,0,0,0.00911854103343465,EM,MIX,MIX,MIX
Goupiaceae,2,2,0,0,0,0,0,1,0,0,0,0,0,AM,AM,AM,AM
Grossulariaceae,195,194,0,0,0,0,1,0.994871794871795,0,0,0,0,0.00512820512820513,AM,AM,AM,MIX
Grubbiaceae,3,3,0,0,0,0,0,1,0,0,0,0,0,AM,AM,AM,AM
Gunneraceae,69,69,0,0,0,0,0,1,0,0,0,0,0,AM,AM,AM,AM
Gyrostemonaceae,17,0,0,17,0,0,0,0,0,1,0,0,0,NM,NM,NM,NM
Haemodoraceae,101,0,0,101,0,0,0,0,0,1,0,0,0,NM,NM,NM,NM
Halophytaceae,1,0,0,1,0,0,0,0,0,1,0,0,0,NM,NM,NM,NM
Haloragaceae,92,82,0,8,0,0,2,0.891304347826087,0,0.0869565217391304,0,0,0.0217391304347826,AM,AM,AM,MIX
Hamamelidaceae,99,99,0,0,0,0,0,1,0,0,0,0,0,AM,AM,AM,AM
Hanguanaceae,10,10,0,0,0,0,0,1,0,0,0,0,0,AM,AM,AM,AM
Haptanthaceae,1,1,0,0,0,0,0,1,0,0,0,0,0,AM,AM,AM,AM
Heliconiaceae,204,204,0,0,0,0,0,1,0,0,0,0,0,AM,AM,AM,AM
Helwingiaceae,4,4,0,0,0,0,0,1,0,0,0,0,0,AM,AM,AM,AM
Hernandiaceae,51,51,0,0,0,0,0,1,0,0,0,0,0,AM,AM,AM,AM
Himantandraceae,1,1,0,0,0,0,0,1,0,0,0,0,0,AM,AM,AM,AM
Huaceae,4,4,0,0,0,0,0,1,0,0,0,0,0,AM,AM,AM,AM
Humiriaceae,63,63,0,0,0,0,0,1,0,0,0,0,0,AM,AM,AM,AM
Hydatellaceae,12,0,0,0,0,0,12,0,0,0,0,0,1,UNK,UNK,UNK,UNK
Hydnoraceae,10,10,0,0,0,0,0,1,0,0,0,0,0,AM,AM,AM,AM
Hydrangeaceae,237,208,0,1,0,0,28,0.877637130801688,0,0.00421940928270042,0,0,0.118143459915612,AM,AM,AM,MIX
Hydrocharitaceae,133,76,0,57,0,0,0,0.571428571428571,0,0.428571428571429,0,0,0,AM,MIX,MIX,MIX
Hydroleaceae,11,3,0,8,0,0,0,0.272727272727273,0,0.727272727272727,0,0,0,NM,NM,MIX,MIX
Hydrostachyaceae,19,0,0,0,0,0,19,0,0,0,0,0,1,UNK,UNK,UNK,UNK
Hypericaceae,584,582,0,0,0,0,2,0.996575342465753,0,0,0,0,0.00342465753424658,AM,AM,AM,MIX
Hypoxidaceae,154,152,0,0,0,0,2,0.987012987012987,0,0,0,0,0.012987012987013,AM,AM,AM,MIX
Icacinaceae,212,194,0,0,0,0,18,0.915094339622642,0,0,0,0,0.0849056603773585,AM,AM,AM,MIX
Iridaceae,2315,2081,0,215,0,0,19,0.898920086393089,0,0.0928725701943845,0,0,0.008207343412527,AM,AM,AM,MIX
Irvingiaceae,11,11,0,0,0,0,0,1,0,0,0,0,0,AM,AM,AM,AM
Iteaceae,19,19,0,0,0,0,0,1,0,0,0,0,0,AM,AM,AM,AM
Ixioliriaceae,4,4,0,0,0,0,0,1,0,0,0,0,0,AM,AM,AM,AM
Ixonanthaceae,20,20,0,0,0,0,0,1,0,0,0,0,0,AM,AM,AM,AM
Joinvilleaceae,4,4,0,0,0,0,0,1,0,0,0,0,0,AM,AM,AM,AM
Juglandaceae,89,39,41,0,0,0,9,0.438202247191011,0.460674157303371,0,0,0,0.101123595505618,MIX,MIX,MIX,MIX
Juncaceae,506,312,0,192,0,0,2,0.616600790513834,0,0.379446640316206,0,0,0.00395256916996047,AM,AM,MIX,MIX
Juncaginaceae,35,1,0,34,0,0,0,0.0285714285714286,0,0.971428571428571,0,0,0,NM,NM,NM,MIX
Kirkiaceae,5,5,0,0,0,0,0,1,0,0,0,0,0,AM,AM,AM,AM
Koeberliniaceae,2,0,0,2,0,0,0,0,0,1,0,0,0,NM,NM,NM,NM
Krameriaceae,25,25,0,0,0,0,0,1,0,0,0,0,0,AM,AM,AM,AM
Lacistemataceae,13,13,0,0,0,0,0,1,0,0,0,0,0,AM,AM,AM,AM
Lactoridaceae,1,1,0,0,0,0,0,1,0,0,0,0,0,AM,AM,AM,AM
Lamiaceae,7886,7818,0,22,0,0,46,0.991377124017246,0,0.00278975399442049,0,0,0.00583312198833376,AM,AM,AM,MIX
Lanariaceae,1,1,0,0,0,0,0,1,0,0,0,0,0,AM,AM,AM,AM
Lardizabalaceae,37,30,0,0,0,0,7,0.810810810810811,0,0,0,0,0.189189189189189,AM,AM,AM,MIX
Lauraceae,2978,2865,0,19,0,0,94,0.962055070517126,0,0.00638012088650101,0,0,0.0315648085963734,AM,AM,AM,MIX
Lecythidaceae,341,339,0,2,0,0,0,0.994134897360704,0,0.00586510263929619,0,0,0,AM,AM,AM,MIX
Leguminosae,24505,20573,1419,696,0,0,1817,0.839542950418282,0.057906549683738,0.0284023668639053,0,0,0.0741481330340747,AM,AM,AM,MIX
Lentibulariaceae,312,59,0,251,0,0,2,0.189102564102564,0,0.80448717948718,0,0,0.00641025641025641,NM,NM,NM,MIX
Lepidobotryaceae,2,2,0,0,0,0,0,1,0,0,0,0,0,AM,AM,AM,AM
Liliaceae,746,662,0,0,0,0,84,0.887399463806971,0,0,0,0,0.112600536193029,AM,AM,AM,MIX
Limeaceae,20,0,0,0,0,0,20,0,0,0,0,0,1,UNK,UNK,UNK,UNK
Limnanthaceae,9,0,0,9,0,0,0,0,0,1,0,0,0,NM,NM,NM,NM
Linaceae,213,189,0,0,0,0,24,0.887323943661972,0,0,0,0,0.112676056338028,AM,AM,AM,MIX
Linderniaceae,164,56,0,98,0,0,10,0.341463414634146,0,0.597560975609756,0,0,0.0609756097560976,NM,MIX,MIX,MIX
Loasaceae,314,1,0,309,0,0,4,0.00318471337579618,0,0.984076433121019,0,0,0.0127388535031847,NM,NM,NM,MIX
Loganiaceae,351,345,0,0,0,0,6,0.982905982905983,0,0,0,0,0.0170940170940171,AM,AM,AM,MIX
Loranthaceae,886,0,0,875,0,0,11,0,0,0.987584650112867,0,0,0.0124153498871332,NM,NM,NM,MIX
Lowiaceae,17,17,0,0,0,0,0,1,0,0,0,0,0,AM,AM,AM,AM
Lythraceae,604,552,0,45,0,0,7,0.913907284768212,0,0.0745033112582782,0,0,0.0115894039735099,AM,AM,AM,MIX
Magnoliaceae,250,248,0,0,0,0,2,0.992,0,0,0,0,0.008,AM,AM,AM,MIX
Malpighiaceae,1301,1291,0,0,0,0,10,0.992313604919293,0,0,0,0,0.00768639508070715,AM,AM,AM,MIX
Malvaceae,4465,4369,48,0,0,0,48,0.978499440089586,0.0107502799552072,0,0,0,0.0107502799552072,AM,AM,AM,MIX
Marantaceae,569,397,0,172,0,0,0,0.697715289982425,0,0.302284710017575,0,0,0,AM,AM,MIX,MIX
Marcgraviaceae,137,136,0,0,0,0,1,0.992700729927007,0,0,0,0,0.0072992700729927,AM,AM,AM,MIX
Martyniaceae,21,21,0,0,0,0,0,1,0,0,0,0,0,AM,AM,AM,AM
Mayacaceae,6,0,0,0,0,0,6,0,0,0,0,0,1,UNK,UNK,UNK,UNK
Melanthiaceae,181,177,0,0,0,0,4,0.977900552486188,0,0,0,0,0.0220994475138122,AM,AM,AM,MIX
Melastomataceae,4079,4016,0,0,0,0,63,0.98455503799951,0,0,0,0,0.0154449620004903,AM,AM,AM,MIX
Meliaceae,669,664,0,0,0,0,5,0.992526158445441,0,0,0,0,0.00747384155455904,AM,AM,AM,MIX
Melianthaceae,20,20,0,0,0,0,0,1,0,0,0,0,0,AM,AM,AM,AM
Menispermaceae,448,446,0,0,0,0,2,0.995535714285714,0,0,0,0,0.00446428571428571,AM,AM,AM,MIX
Menyanthaceae,55,11,0,37,0,0,7,0.2,0,0.672727272727273,0,0,0.127272727272727,NM,NM,MIX,MIX
Metteniusaceae,3,0,0,0,0,0,3,0,0,0,0,0,1,UNK,UNK,UNK,UNK
Misodendraceae,8,0,0,8,0,0,0,0,0,1,0,0,0,NM,NM,NM,NM
Mitrastemonaceae,2,0,0,2,0,0,0,0,0,1,0,0,0,NM,NM,NM,NM
Molluginaceae,103,20,0,82,0,0,1,0.194174757281553,0,0.796116504854369,0,0,0.00970873786407767,NM,NM,MIX,MIX
Monimiaceae,134,134,0,0,0,0,0,1,0,0,0,0,0,AM,AM,AM,AM
Montiaceae,113,62,0,21,0,0,30,0.548672566371681,0,0.185840707964602,0,0,0.265486725663717,AM,MIX,MIX,MIX
Montiniaceae,4,4,0,0,0,0,0,1,0,0,0,0,0,AM,AM,AM,AM
Moraceae,1217,1211,0,0,0,0,6,0.995069843878389,0,0,0,0,0.00493015612161052,AM,AM,AM,MIX
Moringaceae,13,13,0,0,0,0,0,1,0,0,0,0,0,AM,AM,AM,AM
Muntingiaceae,3,3,0,0,0,0,0,1,0,0,0,0,0,AM,AM,AM,AM
Musaceae,78,78,0,0,0,0,0,1,0,0,0,0,0,AM,AM,AM,AM
Myodocarpaceae,15,15,0,0,0,0,0,1,0,0,0,0,0,AM,AM,AM,AM
Myricaceae,53,50,0,2,0,0,1,0.943396226415094,0,0.0377358490566038,0,0,0.0188679245283019,AM,AM,AM,MIX
Myristicaceae,170,165,0,0,0,0,5,0.970588235294118,0,0,0,0,0.0294117647058824,AM,AM,AM,MIX
Myrothamnaceae,2,2,0,0,0,0,0,1,0,0,0,0,0,AM,AM,AM,AM
Myrtaceae,5970,5014,939,0,0,0,17,0.839865996649916,0.157286432160804,0,0,0,0.00284757118927973,AM,AM,AM,MIX
Nartheciaceae,36,33,0,3,0,0,0,0.916666666666667,0,0.0833333333333333,0,0,0,AM,AM,AM,MIX
Nelumbonaceae,2,0,0,2,0,0,0,0,0,1,0,0,0,NM,NM,NM,NM
Nepenthaceae,7,0,0,7,0,0,0,0,0,1,0,0,0,NM,NM,NM,NM
Neuradaceae,7,7,0,0,0,0,0,1,0,0,0,0,0,AM,AM,AM,AM
Nitrariaceae,12,12,0,0,0,0,0,1,0,0,0,0,0,AM,AM,AM,AM
Nothofagaceae,38,0,38,0,0,0,0,0,1,0,0,0,0,EM,EM,EM,EM
Nyctaginaceae,450,139,141,127,0,0,43,0.308888888888889,0.313333333333333,0.282222222222222,0,0,0.0955555555555556,MIX,MIX,MIX,MIX
Nymphaeaceae,70,32,0,35,0,0,3,0.457142857142857,0,0.5,0,0,0.0428571428571429,MIX,MIX,MIX,MIX
Ochnaceae,560,415,0,129,0,0,16,0.741071428571429,0,0.230357142857143,0,0,0.0285714285714286,AM,AM,MIX,MIX
Olacaceae,149,140,0,8,0,0,1,0.939597315436242,0,0.0536912751677852,0,0,0.00671140939597315,AM,AM,AM,MIX
Oleaceae,688,688,0,0,0,0,0,1,0,0,0,0,0,AM,AM,AM,AM
Onagraceae,832,713,0,44,0,0,75,0.856971153846154,0,0.0528846153846154,0,0,0.0901442307692308,AM,AM,AM,MIX
Oncothecaceae,1,1,0,0,0,0,0,1,0,0,0,0,0,AM,AM,AM,AM
Opiliaceae,33,14,0,19,0,0,0,0.424242424242424,0,0.575757575757576,0,0,0,NM,MIX,MIX,MIX
Orchidaceae,27801,89,0,0,26952,0,760,0.00320132369339232,0,0,0.969461530160786,0,0.0273371461458221,OM,OM,OM,MIX
Orobanchaceae,1613,552,0,1051,0,0,10,0.34221946683199,0,0.651580905145691,0,0,0.00619962802231866,NM,NM,MIX,MIX
Oxalidaceae,601,596,0,0,0,0,5,0.991680532445923,0,0,0,0,0.00831946755407654,AM,AM,AM,MIX
Paeoniaceae,36,36,0,0,0,0,0,1,0,0,0,0,0,AM,AM,AM,AM
Pandaceae,17,17,0,0,0,0,0,1,0,0,0,0,0,AM,AM,AM,AM
Pandanaceae,1062,1023,0,39,0,0,0,0.963276836158192,0,0.0367231638418079,0,0,0,AM,AM,AM,MIX
Papaveraceae,920,624,0,294,0,0,2,0.678260869565217,0,0.319565217391304,0,0,0.00217391304347826,AM,AM,MIX,MIX
Paracryphiaceae,29,29,0,0,0,0,0,1,0,0,0,0,0,AM,AM,AM,AM
Passifloraceae,932,920,0,0,0,0,12,0.987124463519313,0,0,0,0,0.0128755364806867,AM,AM,AM,MIX
Paulowniaceae,20,10,0,10,0,0,0,0.5,0,0.5,0,0,0,MIX,MIX,MIX,MIX
Pedaliaceae,67,49,0,12,0,0,6,0.73134328358209,0,0.17910447761194,0,0,0.0895522388059701,AM,AM,MIX,MIX
Penaeaceae,45,45,0,0,0,0,0,1,0,0,0,0,0,AM,AM,AM,AM
Pentadiplandraceae,1,0,0,1,0,0,0,0,0,1,0,0,0,NM,NM,NM,NM
Pentaphragmataceae,2,2,0,0,0,0,0,1,0,0,0,0,0,AM,AM,AM,AM
Pentaphylacaceae,429,428,0,0,0,0,1,0.997668997668998,0,0,0,0,0.00233100233100233,AM,AM,AM,MIX
Penthoraceae,2,0,0,0,0,0,2,0,0,0,0,0,1,UNK,UNK,UNK,UNK
Peridiscaceae,9,9,0,0,0,0,0,1,0,0,0,0,0,AM,AM,AM,AM
Petermanniaceae,1,1,0,0,0,0,0,1,0,0,0,0,0,AM,AM,AM,AM
Petrosaviaceae,4,4,0,0,0,0,0,1,0,0,0,0,0,AM,AM,AM,AM
Philesiaceae,2,2,0,0,0,0,0,1,0,0,0,0,0,AM,AM,AM,AM
Philydraceae,6,6,0,0,0,0,0,1,0,0,0,0,0,AM,AM,AM,AM
Phrymaceae,199,194,0,0,0,0,5,0.974874371859296,0,0,0,0,0.0251256281407035,AM,AM,AM,MIX
Phyllanthaceae,2099,2047,22,0,0,0,30,0.975226298237256,0.0104811815150071,0,0,0,0.014292520247737,AM,AM,AM,MIX
Phyllonomaceae,5,5,0,0,0,0,0,1,0,0,0,0,0,AM,AM,AM,AM
Physenaceae,2,0,0,0,0,0,2,0,0,0,0,0,1,UNK,UNK,UNK,UNK
Phytolaccaceae,62,15,0,47,0,0,0,0.241935483870968,0,0.758064516129032,0,0,0,NM,NM,MIX,MIX
Picramniaceae,48,45,0,0,0,0,3,0.9375,0,0,0,0,0.0625,AM,AM,AM,MIX
Picrodendraceae,96,96,0,0,0,0,0,1,0,0,0,0,0,AM,AM,AM,AM
Pinaceae,255,0,255,0,0,0,0,0,1,0,0,0,0,EM,EM,EM,EM
Piperaceae,2658,1372,0,1260,0,0,26,0.516177577125658,0,0.474040632054176,0,0,0.00978179082016554,AM,MIX,MIX,MIX
Pittosporaceae,170,165,0,0,0,0,5,0.970588235294118,0,0,0,0,0.0294117647058824,AM,AM,AM,MIX
Plantaginaceae,1614,1106,0,450,0,0,58,0.685254027261462,0,0.278810408921933,0,0,0.0359355638166047,AM,AM,MIX,MIX
Platanaceae,9,9,0,0,0,0,0,1,0,0,0,0,0,AM,AM,AM,AM
Plocospermataceae,1,1,0,0,0,0,0,1,0,0,0,0,0,AM,AM,AM,AM
Plumbaginaceae,635,302,0,331,0,0,2,0.475590551181102,0,0.521259842519685,0,0,0.0031496062992126,NM,MIX,MIX,MIX
Poaceae,11554,10880,0,405,0,0,269,0.941665224164791,0,0.0350527955686342,0,0,0.0232819802665743,AM,AM,AM,MIX
Podocarpaceae,191,189,0,0,0,0,2,0.989528795811518,0,0,0,0,0.0104712041884817,AM,AM,AM,MIX
Podostemaceae,250,0,0,236,0,0,14,0,0,0.944,0,0,0.056,NM,NM,NM,MIX
Polemoniaceae,455,430,0,13,0,0,12,0.945054945054945,0,0.0285714285714286,0,0,0.0263736263736264,AM,AM,AM,MIX
Polygalaceae,1163,1137,0,0,0,0,26,0.977644024075666,0,0,0,0,0.0223559759243336,AM,AM,AM,MIX
Polygonaceae,1384,717,179,468,0,0,20,0.518063583815029,0.129335260115607,0.338150289017341,0,0,0.0144508670520231,AM,MIX,MIX,MIX
Pontederiaceae,33,23,0,10,0,0,0,0.696969696969697,0,0.303030303030303,0,0,0,AM,AM,MIX,MIX
Portulacaceae,258,126,0,129,0,0,3,0.488372093023256,0,0.5,0,0,0.0116279069767442,MIX,MIX,MIX,MIX
Posidoniaceae,10,0,0,10,0,0,0,0,0,1,0,0,0,NM,NM,NM,NM
Potamogetonaceae,186,19,0,167,0,0,0,0.102150537634409,0,0.897849462365591,0,0,0,NM,NM,NM,MIX
Primulaceae,2788,2614,0,0,0,0,174,0.937589670014347,0,0,0,0,0.0624103299856528,AM,AM,AM,MIX
Proteaceae,1252,6,0,1245,0,0,1,0.00479233226837061,0,0.994408945686901,0,0,0.000798722044728434,NM,NM,NM,MIX
Putranjivaceae,216,216,0,0,0,0,0,1,0,0,0,0,0,AM,AM,AM,AM
Quillajaceae,2,2,0,0,0,0,0,1,0,0,0,0,0,AM,AM,AM,AM
Rafflesiaceae,22,0,0,22,0,0,0,0,0,1,0,0,0,NM,NM,NM,NM
Ranunculaceae,2377,2363,0,5,0,0,9,0.99411022297013,0,0.00210349179638199,0,0,0.00378628523348759,AM,AM,AM,MIX
Rapateaceae,95,87,0,0,0,0,8,0.91578947368421,0,0,0,0,0.0842105263157895,AM,AM,AM,MIX
Resedaceae,51,0,0,50,0,0,1,0,0,0.980392156862745,0,0,0.0196078431372549,NM,NM,NM,MIX
Restionaceae,482,230,0,238,0,0,14,0.477178423236515,0,0.493775933609959,0,0,0.029045643153527,MIX,MIX,MIX,MIX
Rhabdodendraceae,3,0,0,0,0,0,3,0,0,0,0,0,1,UNK,UNK,UNK,UNK
Rhamnaceae,839,757,70,3,0,0,9,0.902264600715137,0.0834326579261025,0.00357568533969011,0,0,0.0107270560190703,AM,AM,AM,MIX
Rhipogonaceae,6,6,0,0,0,0,0,1,0,0,0,0,0,AM,AM,AM,AM
Rhizophoraceae,142,58,0,81,0,1,2,0.408450704225352,0,0.570422535211268,0,0.00704225352112676,0.0140845070422535,NM,MIX,MIX,MIX
Roridulaceae,2,0,0,2,0,0,0,0,0,1,0,0,0,NM,NM,NM,NM
Rosaceae,4828,4772,22,1,0,0,33,0.988400994200497,0.00455675227837614,0.000207125103562552,0,0,0.00683512841756421,AM,AM,AM,MIX
Rousseaceae,14,14,0,0,0,0,0,1,0,0,0,0,0,AM,AM,AM,AM
Rubiaceae,13673,12126,0,992,0,0,555,0.886857310027061,0,0.0725517443136108,0,0,0.0405909456593286,AM,AM,AM,MIX
Ruppiaceae,8,1,0,7,0,0,0,0.125,0,0.875,0,0,0,NM,NM,NM,MIX
Rutaceae,1730,1677,0,18,0,0,35,0.969364161849711,0,0.0104046242774566,0,0,0.0202312138728324,AM,AM,AM,MIX
Sabiaceae,116,115,0,0,0,0,1,0.991379310344828,0,0,0,0,0.00862068965517241,AM,AM,AM,MIX
Salicaceae,1269,964,299,0,0,0,6,0.759653270291568,0.235618597320725,0,0,0,0.00472813238770686,AM,AM,MIX,MIX
Salvadoraceae,8,2,0,6,0,0,0,0.25,0,0.75,0,0,0,NM,NM,MIX,MIX
Santalaceae,992,696,0,280,0,0,16,0.701612903225806,0,0.282258064516129,0,0,0.0161290322580645,AM,AM,MIX,MIX
Sapindaceae,1751,1706,0,0,0,0,45,0.974300399771559,0,0,0,0,0.0256996002284409,AM,AM,AM,MIX
Sapotaceae,1343,1240,0,15,0,0,88,0.923306031273269,0,0.0111690245718541,0,0,0.0655249441548771,AM,AM,AM,MIX
Sarcobataceae,2,0,0,2,0,0,0,0,0,1,0,0,0,NM,NM,NM,NM
Sarcolaenaceae,69,0,69,0,0,0,0,0,1,0,0,0,0,EM,EM,EM,EM
Sarraceniaceae,32,0,0,32,0,0,0,0,0,1,0,0,0,NM,NM,NM,NM
Saururaceae,7,7,0,0,0,0,0,1,0,0,0,0,0,AM,AM,AM,AM
Saxifragaceae,775,450,0,295,0,0,30,0.580645161290323,0,0.380645161290323,0,0,0.0387096774193548,AM,MIX,MIX,MIX
Scheuchzeriaceae,1,1,0,0,0,0,0,1,0,0,0,0,0,AM,AM,AM,AM
Schisandraceae,73,73,0,0,0,0,0,1,0,0,0,0,0,AM,AM,AM,AM
Schlegeliaceae,43,43,0,0,0,0,0,1,0,0,0,0,0,AM,AM,AM,AM
Schoepfiaceae,51,31,0,0,0,0,20,0.607843137254902,0,0,0,0,0.392156862745098,AM,AM,MIX,MIX
Sciadopityaceae,1,1,0,0,0,0,0,1,0,0,0,0,0,AM,AM,AM,AM
Scrophulariaceae,1576,1515,0,20,0,0,41,0.961294416243655,0,0.0126903553299492,0,0,0.0260152284263959,AM,AM,AM,MIX
Setchellanthaceae,1,0,0,0,0,0,1,0,0,0,0,0,1,UNK,UNK,UNK,UNK
Simaroubaceae,121,117,0,0,0,0,4,0.966942148760331,0,0,0,0,0.0330578512396694,AM,AM,AM,MIX
Simmondsiaceae,2,2,0,0,0,0,0,1,0,0,0,0,0,AM,AM,AM,AM
Siparunaceae,61,61,0,0,0,0,0,1,0,0,0,0,0,AM,AM,AM,AM
Sladeniaceae,3,3,0,0,0,0,0,1,0,0,0,0,0,AM,AM,AM,AM
Smilacaceae,261,248,0,0,0,0,13,0.950191570881226,0,0,0,0,0.0498084291187739,AM,AM,AM,MIX
Solanaceae,2678,2557,0,0,0,0,121,0.954817027632562,0,0,0,0,0.0451829723674384,AM,AM,AM,MIX
Sphaerosepalaceae,20,20,0,0,0,0,0,1,0,0,0,0,0,AM,AM,AM,AM
Sphenocleaceae,2,0,0,2,0,0,0,0,0,1,0,0,0,NM,NM,NM,NM
Stachyuraceae,7,7,0,0,0,0,0,1,0,0,0,0,0,AM,AM,AM,AM
Staphyleaceae,30,30,0,0,0,0,0,1,0,0,0,0,0,AM,AM,AM,AM
Stegnospermataceae,5,5,0,0,0,0,0,1,0,0,0,0,0,AM,AM,AM,AM
Stemonaceae,36,36,0,0,0,0,0,1,0,0,0,0,0,AM,AM,AM,AM
Stemonuraceae,71,71,0,0,0,0,0,1,0,0,0,0,0,AM,AM,AM,AM
Stilbaceae,38,38,0,0,0,0,0,1,0,0,0,0,0,AM,AM,AM,AM
Strasburgeriaceae,2,0,0,0,0,0,2,0,0,0,0,0,1,UNK,UNK,UNK,UNK
Strelitziaceae,7,7,0,0,0,0,0,1,0,0,0,0,0,AM,AM,AM,AM
Stylidiaceae,31,31,0,0,0,0,0,1,0,0,0,0,0,AM,AM,AM,AM
Styracaceae,133,133,0,0,0,0,0,1,0,0,0,0,0,AM,AM,AM,AM
Surianaceae,6,6,0,0,0,0,0,1,0,0,0,0,0,AM,AM,AM,AM
Symplocaceae,210,208,0,0,0,0,2,0.990476190476191,0,0,0,0,0.00952380952380952,AM,AM,AM,MIX
Talinaceae,28,0,0,0,0,0,28,0,0,0,0,0,1,UNK,UNK,UNK,UNK
Tamaricaceae,79,52,0,27,0,0,0,0.658227848101266,0,0.341772151898734,0,0,0,AM,AM,MIX,MIX
Tapisciaceae,6,6,0,0,0,0,0,1,0,0,0,0,0,AM,AM,AM,AM
Taxaceae,31,31,0,0,0,0,0,1,0,0,0,0,0,AM,AM,AM,AM
Tecophilaeaceae,26,26,0,0,0,0,0,1,0,0,0,0,0,AM,AM,AM,AM
Tetrachondraceae,3,3,0,0,0,0,0,1,0,0,0,0,0,AM,AM,AM,AM
Tetramelaceae,1,1,0,0,0,0,0,1,0,0,0,0,0,AM,AM,AM,AM
Tetrameristaceae,2,2,0,0,0,0,0,1,0,0,0,0,0,AM,AM,AM,AM
Theaceae,370,364,0,0,0,0,6,0.983783783783784,0,0,0,0,0.0162162162162162,AM,AM,AM,MIX
Thurniaceae,4,4,0,0,0,0,0,1,0,0,0,0,0,AM,AM,AM,AM
Thymelaeaceae,938,937,0,0,0,0,1,0.998933901918977,0,0,0,0,0.00106609808102345,AM,AM,AM,MIX
Ticodendraceae,1,0,1,0,0,0,0,0,1,0,0,0,0,EM,EM,EM,EM
Tofieldiaceae,29,7,0,11,0,0,11,0.241379310344828,0,0.379310344827586,0,0,0.379310344827586,MIX,MIX,MIX,MIX
Torricelliaceae,8,8,0,0,0,0,0,1,0,0,0,0,0,AM,AM,AM,AM
Tovariaceae,2,0,0,0,0,0,2,0,0,0,0,0,1,UNK,UNK,UNK,UNK
Trigoniaceae,32,32,0,0,0,0,0,1,0,0,0,0,0,AM,AM,AM,AM
Triuridaceae,54,54,0,0,0,0,0,1,0,0,0,0,0,AM,AM,AM,AM
Trochodendraceae,2,2,0,0,0,0,0,1,0,0,0,0,0,AM,AM,AM,AM
Tropaeolaceae,89,88,0,0,0,0,1,0.98876404494382,0,0,0,0,0.0112359550561798,AM,AM,AM,MIX
Typhaceae,65,28,0,37,0,0,0,0.430769230769231,0,0.569230769230769,0,0,0,NM,MIX,MIX,MIX
Ulmaceae,64,64,0,0,0,0,0,1,0,0,0,0,0,AM,AM,AM,AM
Urticaceae,1465,629,0,829,0,0,7,0.429351535836177,0,0.565870307167236,0,0,0.00477815699658703,NM,MIX,MIX,MIX
Vahliaceae,5,5,0,0,0,0,0,1,0,0,0,0,0,AM,AM,AM,AM
Velloziaceae,278,278,0,0,0,0,0,1,0,0,0,0,0,AM,AM,AM,AM
Verbenaceae,1035,1026,0,0,0,0,9,0.991304347826087,0,0,0,0,0.00869565217391304,AM,AM,AM,MIX
Violaceae,806,797,0,0,0,0,9,0.988833746898263,0,0,0,0,0.011166253101737,AM,AM,AM,MIX
Vitaceae,985,727,0,0,0,0,258,0.738071065989848,0,0,0,0,0.261928934010152,AM,AM,MIX,MIX
Vivianiaceae,16,14,0,0,0,0,2,0.875,0,0,0,0,0.125,AM,AM,AM,MIX
Vochysiaceae,215,215,0,0,0,0,0,1,0,0,0,0,0,AM,AM,AM,AM
Welwitschiaceae,1,1,0,0,0,0,0,1,0,0,0,0,0,AM,AM,AM,AM
Winteraceae,32,31,0,0,0,0,1,0.96875,0,0,0,0,0.03125,AM,AM,AM,MIX
Xanthorrhoeaceae,1236,1230,0,0,0,0,6,0.995145631067961,0,0,0,0,0.00485436893203883,AM,AM,AM,MIX
Xeronemataceae,2,2,0,0,0,0,0,1,0,0,0,0,0,AM,AM,AM,AM
Xyridaceae,387,359,0,28,0,0,0,0.92764857881137,0,0.0723514211886305,0,0,0,AM,AM,AM,MIX
Zamiaceae,216,216,0,0,0,0,0,1,0,0,0,0,0,AM,AM,AM,AM
Zingiberaceae,1587,1576,0,0,0,0,11,0.993068683049779,0,0,0,0,0.00693131695022054,AM,AM,AM,MIX
Zosteraceae,23,0,0,22,0,0,1,0,0,0.956521739130435,0,0,0.0434782608695652,NM,NM,NM,MIX
Zygophyllaceae,211,134,0,74,0,0,3,0.635071090047393,0,0.350710900473934,0,0,0.014218009478673,AM,AM,MIX,MIX
